1546335061	11.7048
1546371409	32.3509
1546432323	22.2055
1546485909	21.5780
1546540695	34.3874
1546598793	15.8501
1546652318	20.4920
1546708220	25.3896
1546765738	13.7934
1546808008	25.1066
1546847317	14.3612
1546884938	24.4880
1546918052	14.6669
1546320684	15.2093
1546320864	15.3352
1546321601	15.5108
1546321850	15.4942
1546322411	15.4062
1546322737	15.4100
1546323089	15.4929
1546323122	15.5991
1546323165	15.6763
1546323187	15.6887
1546323232	15.7143
1546323290	15.7025
1546323514	15.6111
1546324060	15.2171
1546325230	14.2875
1546325253	14.2984
1546325426	14.3730
1546325835	13.9650
1546325915	13.9013
1546325980	13.9045
1546326163	13.7938
1546326455	13.7029
1546326458	13.6964
1546326614	13.6177
1546327124	13.5066
1546327339	13.5022
1546327346	13.4958
1546327381	13.4805
1546327488	13.4677
1546327584	13.7500
1546327819	13.7146
1546327852	13.6920
1546327883	13.7264
1546328245	13.5997
1546328409	13.5816
1546329235	13.0040
1546329859	12.8052
1546329910	12.7828
1546330104	12.7948
1546330118	12.7986
1546330465	12.8080
1546330466	12.7802
1546330648	12.7348
1546330678	12.7907
1546331212	12.5013
1546331402	12.4096
1546331403	12.3980
1546331623	12.2079
1546331740	12.2091
1546331848	12.1994
1546332022	12.2492
1546332350	12.4188
1546332754	12.4518
1546332998	12.2945
1546333222	12.1549
1546333246	12.1126
1546333324	12.1057
1546333805	11.9970
1546333855	11.9908
1546334171	11.7919
1546334551	11.6063
1546334626	11.6657
1546334690	11.6955
1546335440	11.6007
1546335475	11.5978
1546335510	11.6372
1546335685	11.5596
1546335713	11.5162
1546335821	11.4936
1546335837	11.5029
1546335891	11.5199
1546336238	11.8986
1546336835	11.7711
1546336993	11.8002
1546337053	11.8089
1546337077	11.8066
1546337295	11.7026
1546337388	11.7137
1546337393	11.7075
1546338094	11.9531
1546338472	12.9881
1546338655	13.1008
1546338831	13.2665
1546339070	13.2097
1546339100	13.2626
1546339103	13.2863
1546339110	13.3030
1546339597	14.9674
1546339751	15.2208
1546339808	15.3056
1546339839	15.3727
1546340628	16.9943
1546340746	17.1947
1546341061	17.5002
1546341564	17.9595
1546341811	18.2591
1546341843	18.2899
1546341930	18.2498
1546342112	18.4700
1546342136	18.3921
1546342333	18.5957
1546342413	18.7014
1546342907	19.4804
1546343084	19.4984
1546343308	19.7876
1546343602	20.1344
1546343625	20.1654
1546343631	20.1815
1546343769	20.4065
1546344223	20.7661
1546344239	20.7928
1546344258	20.8292
1546344375	21.0063
1546344804	21.0209
1546345059	21.1207
1546345155	21.2545
1546345758	21.4673
1546345854	21.4976
1546346004	21.8008
1546346145	21.8945
1546346190	21.9096
1546346355	21.8463
1546346396	21.9886
1546347064	22.2995
1546347258	22.6949
1546347612	22.8873
1546347770	22.8930
1546347915	23.0979
1546348181	23.6985
1546348229	23.7108
1546348306	23.6271
1546348429	23.3081
1546348486	23.5562
1546348694	23.9347
1546348783	24.0713
1546349147	24.0850
1546349186	24.1227
1546349465	24.5213
1546349513	24.5802
1546349546	24.6456
1546349676	24.7670
1546350144	24.7452
1546350275	24.6706
1546350917	25.1516
1546351125	25.2389
1546351220	25.5529
1546351477	25.5923
1546351500	25.6038
1546351569	25.3916
1546352164	25.9870
1546352287	26.3076
1546352388	26.4949
1546352401	26.4879
1546352874	26.2927
1546353388	27.3065
1546353808	27.2947
1546354012	27.5870
1546354037	27.6075
1546354482	27.5696
1546354526	27.6937
1546355334	28.0012
1546355391	28.0016
1546355488	28.0923
1546355594	28.2075
1546355940	28.2906
1546356021	28.6473
1546356488	27.9499
1546356669	29.0980
1546356722	29.1014
1546357126	29.2544
1546357285	29.4891
1546357328	29.6058
1546357536	29.8937
1546357694	29.6033
1546358006	29.2140
1546358072	29.2665
1546358434	29.4965
1546358743	29.6114
1546359275	29.7998
1546359737	30.7314
1546359742	30.7471
1546359769	30.7634
1546360503	29.5916
1546360713	30.2056
1546360758	30.3170
1546361053	29.8457
1546361383	30.7188
1546361803	30.5891
1546361946	30.5057
1546362142	31.0416
1546362290	30.8214
1546362362	30.8030
1546362876	30.9048
1546362966	30.9934
1546363077	31.2905
1546363233	30.9970
1546363473	31.7449
1546363699	31.1646
1546363911	31.0994
1546363942	31.1214
1546363961	31.1577
1546364045	31.3141
1546364707	31.3399
1546364732	31.3968
1546365360	31.9026
1546365499	31.9005
1546365523	31.9040
1546365563	31.9400
1546365783	31.9966
1546365796	32.0293
1546365921	31.8647
1546365938	31.8437
1546365945	31.8418
1546366204	31.9089
1546366268	32.0740
1546366547	31.9356
1546367156	32.0859
1546367569	32.2050
1546367615	32.0730
1546367811	32.1921
1546368400	32.6665
1546368540	32.6963
1546368753	32.2194
1546368845	32.2854
1546368971	32.3918
1546369059	32.9871
1546369126	33.0228
1546370139	32.8812
1546370486	32.6293
1546370524	32.6762
1546370699	33.2874
1546370802	33.4069
1546370939	32.7222
1546371775	32.8757
1546371927	32.5279
1546372035	32.2434
1546372102	32.3794
1546372526	32.6441
1546373024	32.5057
1546373271	32.3218
1546373683	32.3126
1546373767	32.3219
1546373998	32.5978
1546374002	32.5838
1546374666	32.2735
1546374991	32.0590
1546375071	32.1832
1546375642	32.6770
1546375655	32.6417
1546375688	32.5939
1546375884	32.3027
1546375939	32.3260
1546376340	32.2910
1546376464	32.0963
1546376899	32.0971
1546377098	31.8633
1546377233	31.8659
1546377246	31.9245
1546377596	31.9047
1546377822	32.0838
1546378406	31.6665
1546378770	31.3943
1546379137	31.4051
1546379178	31.3217
1546379290	31.2685
1546379426	31.3863
1546379697	31.2141
1546379830	31.1395
1546380081	30.9423
1546380219	30.8844
1546380710	30.5102
1546381535	30.0028
1546382077	29.8524
1546382195	29.8413
1546382345	29.4888
1546382441	29.3808
1546382725	29.3070
1546382761	29.2960
1546382889	29.0823
1546383197	28.7645
1546383868	28.5017
1546384095	28.4134
1546384561	27.9174
1546384790	27.7927
1546384891	27.6989
1546385346	27.5004
1546385546	27.2567
1546385564	27.2344
1546385670	27.1025
1546385790	26.9556
1546385879	26.8958
1546386206	26.6311
1546386513	26.5176
1546386838	26.3973
1546386946	26.3167
1546386969	26.3091
1546387192	26.0865
1546387406	26.0014
1546387450	26.0096
1546387742	25.8025
1546387755	25.7734
1546387810	25.6985
1546388079	25.5451
1546388829	25.0939
1546388936	24.9827
1546389047	25.0075
1546389213	24.9527
1546389230	24.9866
1546389246	24.9852
1546389498	24.7702
1546389500	24.7668
1546389752	24.5900
1546389772	24.6018
1546390140	24.4144
1546390206	24.3867
1546390325	24.2932
1546390399	24.2806
1546390499	24.2065
1546390928	24.0729
1546390980	23.8976
1546391282	23.7946
1546391305	23.7962
1546391325	23.8110
1546391628	23.6930
1546392054	23.4878
1546392224	23.4212
1546392794	23.0421
1546392852	23.0851
1546392861	23.0832
1546392877	23.0465
1546392921	22.9986
1546392928	23.0009
1546393019	23.0065
1546393177	22.8701
1546393213	22.9036
1546393626	22.9196
1546393803	22.8831
1546393975	22.9065
1546394111	22.7683
1546394321	22.6947
1546394389	22.6893
1546394457	22.6115
1546394546	22.5526
1546394827	22.3106
1546395611	22.1012
1546395903	21.9758
1546395939	21.9931
1546396270	21.8104
1546396317	21.7914
1546396643	21.6109
1546396761	21.6042
1546396804	21.5988
1546397079	21.5940
1546397261	21.4259
1546397412	21.5770
1546397612	21.7019
1546397680	21.6460
1546397848	21.5031
1546397891	21.4837
1546398012	21.4659
1546398034	21.4266
1546398284	21.2389
1546398665	21.0979
1546399091	20.8676
1546399114	20.8362
1546399146	20.8099
1546399192	20.8954
1546399312	20.7939
1546399441	20.7949
1546400500	20.4028
1546400772	20.1047
1546401147	19.9991
1546401443	19.8151
1546401507	19.8125
1546401658	19.8992
1546402020	19.7890
1546402086	19.7957
1546402129	19.7929
1546402533	19.8142
1546402621	19.7098
1546402730	19.6314
1546402779	19.5478
1546403028	19.2984
1546403177	19.1875
1546403786	18.4469
1546403926	18.3132
1546404325	18.0697
1546404395	18.0073
1546404835	17.9898
1546404851	18.0268
1546404867	18.0453
1546405024	18.0048
1546405149	17.9711
1546405152	17.9653
1546405251	17.9002
1546405388	17.7863
1546405393	17.7876
1546405580	17.6905
1546405598	17.6836
1546405809	17.6744
1546406115	17.3994
1546406386	17.3906
1546406404	17.3855
1546406451	17.3962
1546406454	17.3744
1546406493	17.4643
1546406520	17.5087
1546406720	17.7049
1546406806	17.7115
1546406851	17.7669
1546407238	17.5914
1546407251	17.5947
1546407603	17.2899
1546407716	17.2109
1546407723	17.1997
1546407842	17.0878
1546407855	17.1139
1546408004	17.0831
1546408063	17.0105
1546408118	16.9969
1546408150	16.9808
1546408175	16.9476
1546408669	16.5855
1546408683	16.5977
1546408867	16.5871
1546409370	16.2991
1546409441	16.3657
1546409473	16.4089
1546409525	16.4017
1546409815	16.3238
1546409818	16.2997
1546410129	16.2017
1546410215	16.0928
1546410384	15.9909
1546410817	16.1781
1546411405	15.9999
1546411914	16.0914
1546412099	16.1962
1546412184	16.4223
1546412238	16.3696
1546412401	16.4000
1546412410	16.4145
1546412436	16.4765
1546412522	16.5933
1546412759	16.5102
1546412922	16.3388
1546413462	15.9115
1546413761	15.8098
1546413917	15.7946
1546414178	15.8263
1546414201	15.8177
1546414412	15.6778
1546414702	15.6980
1546414793	15.6927
1546414813	15.7204
1546414911	15.8032
1546414948	15.7913
1546415036	15.8031
1546415088	15.8067
1546415371	15.7528
1546415388	15.7160
1546415480	15.6921
1546415520	15.7023
1546415573	15.7238
1546415676	15.7679
1546416191	15.4757
1546416238	15.3935
1546416477	15.0986
1546416677	15.0043
1546416852	14.8052
1546417043	15.0064
1546417079	14.9842
1546417090	15.0139
1546417665	14.7587
1546417746	14.8065
1546417783	14.8051
1546418118	14.8033
1546418348	14.6970
1546418460	14.6992
1546418859	14.5289
1546419061	14.4962
1546419127	14.3986
1546419766	14.0160
1546419882	14.0662
1546420500	14.5111
1546420915	14.3964
1546421797	14.1948
1546422123	14.2075
1546422132	14.1837
1546422275	14.0974
1546422298	14.0855
1546422453	14.3427
1546422640	14.4089
1546422763	14.3432
1546422885	14.2275
1546422931	14.1969
1546423063	14.1341
1546423410	14.2442
1546423952	14.5896
1546423955	14.5987
1546423975	14.6012
1546424321	14.8689
1546424544	14.9066
1546424619	14.9649
1546424658	14.9865
1546424925	15.1941
1546424933	15.1983
1546425101	15.1381
1546425208	15.1555
1546425218	15.1375
1546425368	15.1888
1546425572	15.4628
1546426025	16.1061
1546426277	16.7332
1546426653	17.5036
1546426721	17.7393
1546426799	17.8930
1546426968	18.2053
1546427092	18.3955
1546427357	18.6669
1546427550	18.7149
1546427565	18.6871
1546427697	18.7156
1546427820	18.7869
1546428070	18.9857
1546428073	18.9965
1546428629	19.3341
1546428630	19.3673
1546428683	19.4080
1546428722	19.4102
1546429766	20.4025
1546429890	20.4970
1546430019	20.6490
1546430175	20.7339
1546430249	20.8564
1546430853	21.4029
1546431126	21.6364
1546431169	21.6699
1546431358	21.9070
1546431468	21.9956
1546431786	21.9988
1546431797	22.0047
1546431816	21.9972
1546431931	22.0941
1546431993	22.1036
1546432225	21.9186
1546432336	22.2485
1546432380	22.4043
1546432543	22.4836
1546432632	22.6011
1546432973	22.2149
1546433049	22.4009
1546433156	22.4935
1546433395	22.5940
1546433675	22.6918
1546433848	23.1111
1546433854	23.1002
1546434210	23.2081
1546434288	23.4426
1546434389	23.6705
1546434493	23.7415
1546434551	23.9180
1546434680	24.2107
1546434768	23.8752
1546435095	23.7092
1546435329	23.9031
1546435422	23.8988
1546435652	24.2052
1546435855	23.8052
1546436042	24.0996
1546436098	24.0862
1546436235	24.4350
1546436917	24.8168
1546437326	24.9623
1546437536	25.2973
1546437683	25.3432
1546438195	25.3827
1546438246	25.4862
1546438435	25.3969
1546438569	25.8289
1546438582	25.8751
1546438827	26.6883
1546439289	25.7116
1546439359	25.8921
1546439413	26.1550
1546439463	26.3865
1546439581	26.5989
1546440142	27.4308
1546440328	27.3990
1546440520	27.2638
1546440618	27.3286
1546440648	27.3919
1546440715	27.3239
1546440847	27.6662
1546441146	27.6260
1546441723	28.0004
1546441757	28.0240
1546441834	27.8844
1546442067	28.2042
1546442175	28.4422
1546442189	28.4476
1546442823	27.8877
1546442914	27.8005
1546443197	28.6749
1546443209	28.6441
1546443242	28.6062
1546443280	28.5241
1546443324	28.5044
1546443437	28.3797
1546443545	28.3939
1546443627	28.3816
1546443873	28.9996
1546444311	28.8789
1546444418	28.9924
1546444459	29.0975
1546444548	29.0269
1546444601	29.1333
1546444674	29.2875
1546444763	29.1928
1546444923	28.7701
1546445101	29.0206
1546445435	29.2522
1546445437	29.2356
1546445754	28.9159
1546445796	28.8983
1546446280	29.4159
1546446593	29.1872
1546446665	29.4389
1546447472	29.3901
1546447482	29.3460
1546447667	29.2091
1546447777	29.2782
1546447887	29.3125
1546447998	29.2730
1546448113	29.3051
1546448277	29.3034
1546448432	29.6491
1546448583	29.9819
1546448687	29.6361
1546448717	29.6356
1546448747	29.6794
1546448895	29.7993
1546449497	30.2225
1546449780	30.2036
1546449857	30.3789
1546449902	30.5990
1546449966	30.8029
1546450097	30.5486
1546450210	30.2603
1546450329	30.3286
1546450435	30.8840
1546450609	31.1043
1546450659	30.9751
1546450799	30.9878
1546450819	31.0431
1546451141	30.9171
1546451208	30.5780
1546451245	30.4489
1546451265	30.4174
1546451320	30.5916
1546451373	30.6900
1546451667	30.7474
1546452081	30.8871
1546452273	31.3688
1546452598	31.6105
1546452768	31.3689
1546452915	31.5405
1546453130	31.6687
1546453574	31.4509
1546453651	31.6553
1546453718	31.6349
1546453767	31.6671
1546454033	32.0156
1546454187	32.1005
1546454295	32.2870
1546454337	32.2056
1546454747	31.4918
1546454785	31.4651
1546454806	31.4209
1546454972	31.9615
1546455278	31.8661
1546455732	32.3920
1546455787	32.2634
1546456976	32.3016
1546457067	31.8470
1546457168	31.5894
1546457663	32.8989
1546457827	32.1847
1546457828	32.1911
1546458085	31.9581
1546458206	31.9313
1546458426	31.8124
1546459089	31.8775
1546459199	31.7957
1546459223	31.8406
1546459369	32.0114
1546459662	31.7283
1546460168	31.7193
1546460371	32.0524
1546460378	32.0174
1546460575	32.4937
1546460864	32.0584
1546460995	32.3015
1546461136	32.3105
1546461484	32.1906
1546461516	32.1173
1546461580	32.0978
1546461630	32.0971
1546461801	32.2718
1546461957	32.4957
1546461968	32.4806
1546462541	32.2292
1546462548	32.2326
1546462734	31.8846
1546462747	31.9210
1546463109	32.0855
1546463190	32.1056
1546463596	31.8078
1546463874	31.5913
1546463908	31.6088
1546464081	31.6890
1546464542	32.1914
1546464598	32.1053
1546464629	32.0565
1546464722	31.9052
1546464870	32.0177
1546464932	32.0129
1546465179	31.5053
1546465380	31.3091
1546465505	31.0987
1546465512	31.0901
1546465668	31.0790
1546465931	31.1119
1546466009	31.2097
1546466133	31.2627
1546466207	31.2919
1546466577	31.3835
1546466971	30.8193
1546466989	30.7976
1546467017	30.7735
1546467159	30.7249
1546467206	30.6615
1546467666	30.4090
1546467683	30.4449
1546467758	30.4909
1546467819	30.4863
1546468163	30.2771
1546468363	30.1701
1546468561	30.1079
1546468618	29.9928
1546468635	30.0147
1546468789	30.0052
1546468830	29.9644
1546469131	30.1191
1546469376	30.2932
1546469550	30.1954
1546469916	29.7780
1546469983	29.6315
1546470006	29.5939
1546470194	29.4826
1546470204	29.4743
1546470686	28.9048
1546470711	28.8971
1546470730	28.9006
1546471136	28.7215
1546471432	28.6034
1546471443	28.5829
1546471622	28.4026
1546471656	28.4060
1546472033	28.0023
1546472184	27.9021
1546472304	27.7998
1546472328	27.7446
1546472455	27.7245
1546472464	27.7042
1546472957	27.3335
1546472997	27.3955
1546473002	27.3948
1546473314	27.2001
1546473571	27.0111
1546473745	26.9994
1546474298	26.7289
1546474325	26.7135
1546474382	26.6955
1546474464	26.6751
1546474748	26.3056
1546474786	26.3041
1546475063	26.2877
1546475300	26.0979
1546475397	26.0986
1546475410	26.0902
1546475811	26.0831
1546475861	26.0956
1546476188	25.8642
1546476258	25.7412
1546476851	25.4877
1546477165	25.4770
1546477429	25.3052
1546477596	25.1571
1546477939	25.2677
1546478004	25.2208
1546478207	25.0686
1546478756	24.7944
1546478797	24.8099
1546479121	24.6070
1546479139	24.5835
1546479160	24.6067
1546479405	24.5205
1546479429	24.4941
1546479479	24.4943
1546479519	24.4277
1546479689	24.2610
1546479761	24.2665
1546479840	24.2870
1546479969	24.3104
1546479989	24.2924
1546480051	24.2879
1546480326	24.2160
1546480753	24.1027
1546480915	23.9224
1546481103	23.7877
1546481186	23.8251
1546481258	23.9018
1546481455	23.8072
1546481577	23.8012
1546482150	23.5357
1546482206	23.4935
1546482220	23.5113
1546482447	23.3595
1546483187	23.0014
1546483251	22.9749
1546483267	23.0213
1546483371	23.0044
1546483934	22.8813
1546484372	22.4508
1546484743	22.2356
1546484805	22.2022
1546484943	22.1005
1546485466	22.0131
1546485822	21.7651
1546486032	21.4845
1546486121	21.4619
1546486180	21.4147
1546486337	21.5144
1546486354	21.5029
1546486531	21.3810
1546486545	21.3906
1546486597	21.3929
1546486719	21.2915
1546487010	21.1959
1546487095	21.2085
1546487185	21.1484
1546487403	21.0924
1546487404	21.0813
1546487431	21.0641
1546487508	21.0068
1546487642	21.0134
1546487697	20.8860
1546488051	20.6279
1546488328	20.4963
1546488443	20.3677
1546488489	20.2857
1546488535	20.1995
1546489006	19.8308
1546489112	19.8985
1546489292	19.8502
1546489440	19.9036
1546489589	20.0162
1546490162	19.6966
1546490662	19.2652
1546491390	18.5565
1546491446	18.4923
1546491981	17.8927
1546492048	17.9096
1546492539	17.9742
1546492775	18.1986
1546492873	18.1901
1546492972	18.2219
1546493005	18.1210
1546493367	17.6576
1546493787	17.2980
1546493888	17.2951
1546494218	17.4658
1546494816	17.2094
1546494952	17.0155
1546495032	16.8957
1546495292	16.7154
1546495499	16.4051
1546495502	16.4110
1546495587	16.3550
1546495665	16.2935
1546495677	16.2902
1546496057	16.2828
1546496188	16.3489
1546496269	16.3918
1546496365	16.2992
1546496417	16.2720
1546496443	16.2269
1546496757	15.9132
1546497337	15.3944
1546497701	15.2039
1546497911	15.0341
1546498357	14.9701
1546498392	14.9841
1546498553	14.8939
1546498920	14.5754
1546498956	14.5922
1546499025	14.5914
1546499082	14.5852
1546499120	14.5728
1546499324	14.3007
1546499345	14.3015
1546499443	14.1504
1546499541	14.0930
1546499659	14.0603
1546499703	13.9958
1546499769	13.9827
1546500218	13.7558
1546500441	13.8914
1546500475	13.9118
1546500658	13.9942
1546500703	13.8652
1546501162	14.2644
1546501215	14.1925
1546501629	13.9682
1546501790	13.8978
1546501866	13.8828
1546502149	13.7966
1546502205	13.8068
1546502290	13.9023
1546502385	13.9657
1546502442	14.0084
1546502744	13.9920
1546502865	14.0069
1546503164	13.7260
1546503281	13.6587
1546503554	13.4890
1546503629	13.4587
1546503942	13.3268
1546504047	13.3949
1546504070	13.4097
1546504330	13.5871
1546504357	13.5253
1546504521	13.3969
1546504570	13.4227
1546504714	13.3572
1546504779	13.3076
1546504790	13.3136
1546504896	13.2327
1546505024	13.3816
1546505295	13.4948
1546505447	13.3239
1546505888	13.1647
1546506285	13.1047
1546506562	12.9017
1546506731	12.7818
1546506754	12.7492
1546507372	12.7830
1546507610	12.8195
1546507646	12.8375
1546507810	12.8967
1546508010	12.7850
1546508231	12.6909
1546509322	12.8435
1546509365	12.8959
1546509440	12.9056
1546509543	12.8957
1546509578	12.8981
1546509645	12.8981
1546509820	12.8207
1546509856	12.7831
1546509885	12.7162
1546510454	12.6764
1546510627	12.4987
1546510644	12.5368
1546511170	13.4089
1546511195	13.4582
1546511255	13.6083
1546511280	13.6947
1546511572	14.0828
1546511846	14.3136
1546511914	14.2924
1546511931	14.3074
1546512079	14.3262
1546512245	14.3659
1546512261	14.3706
1546513580	17.2753
1546513708	17.6911
1546513813	18.1345
1546513911	18.2771
1546513963	18.3095
1546513989	18.3054
1546514130	18.4445
1546514411	18.8082
1546514688	19.0909
1546514738	19.1799
1546515137	19.6349
1546515298	19.8949
1546515349	19.9921
1546515638	20.5109
1546515801	20.7078
1546516299	21.3606
1546516388	21.4078
1546516579	21.7161
1546516742	21.9145
1546516762	21.9159
1546517557	22.6068
1546517772	22.6796
1546517782	22.6651
1546517878	22.3819
1546517997	22.5019
1546518144	22.8842
1546518296	23.0937
1546518501	23.4150
1546519611	23.8378
1546520781	25.1234
1546520907	24.9824
1546521538	25.9134
1546521614	25.7853
1546521625	25.8023
1546521751	25.7992
1546522197	25.8060
1546522384	25.7035
1546522508	26.0120
1546522605	26.0060
1546522745	25.8923
1546522847	25.7286
1546522849	25.7250
1546523291	26.4398
1546523511	26.6968
1546523603	26.7910
1546523636	26.8103
1546523717	26.5528
1546524071	26.6768
1546524142	26.9276
1546524536	26.7111
1546524613	26.7159
1546524765	26.9438
1546525044	27.3917
1546525159	27.4283
1546525619	28.0956
1546526487	27.9478
1546526633	28.0088
1546526944	28.6282
1546527139	28.9777
1546527364	28.9082
1546527527	29.0135
1546527691	28.2613
1546527743	28.2234
1546528080	28.8053
1546528137	28.8814
1546529515	29.0126
1546530132	29.9052
1546530982	30.7545
1546531056	30.8175
1546531230	30.3025
1546531714	30.9914
1546531999	30.9718
1546532057	30.8808
1546532065	30.8641
1546532144	30.8707
1546532334	31.5918
1546532592	30.9804
1546532618	30.9269
1546532702	31.2061
1546532815	31.6820
1546532977	31.3808
1546533013	31.3720
1546533388	31.9391
1546533447	31.9575
1546533508	31.7249
1546533629	31.5477
1546533815	31.8726
1546534043	32.0223
1546534111	31.8342
1546534304	32.1564
1546534420	31.5746
1546534441	31.5041
1546534785	32.0915
1546534886	31.9966
1546534964	32.0100
1546535031	32.2529
1546535165	32.6102
1546535388	32.0423
1546535458	32.0820
1546535486	32.2313
1546535517	32.3771
1546535583	32.6053
1546536134	32.4771
1546536216	32.3988
1546536256	32.4424
1546536493	32.9256
1546536540	32.9950
1546536695	33.7704
1546536701	33.7566
1546536753	33.6958
1546537717	32.9409
1546537732	32.9209
1546538001	33.2652
1546538145	33.3742
1546538146	33.3777
1546538326	33.5717
1546538650	34.0244
1546538789	34.0076
1546538978	33.9664
1546539555	34.2699
1546539593	34.2159
1546539659	34.2070
1546539692	34.1984
1546540161	33.9683
1546540170	33.9930
1546540290	34.2847
1546540518	34.4606
1546540589	34.4086
1546540777	34.4766
1546540965	34.8495
1546541118	34.6222
1546541403	34.8109
1546541449	34.7268
1546541468	34.6822
1546541598	34.2380
1546541846	34.3448
1546541929	34.1427
1546542118	33.8914
1546542624	34.2481
1546542663	34.3149
1546542830	34.5844
1546543113	34.0318
1546543116	34.0287
1546543420	34.4222
1546543447	34.3846
1546543529	34.2125
1546543530	34.1913
1546544093	34.2111
1546544646	34.3189
1546544695	34.3188
1546545193	34.7572
1546545584	34.3898
1546545597	34.3845
1546545853	34.4055
1546545896	34.4001
1546545909	34.3782
1546545919	34.3822
1546546220	34.0405
1546546307	33.6605
1546547152	33.5163
1546547249	33.8064
1546547366	33.7743
1546547630	33.1986
1546547724	33.2882
1546547774	33.3049
1546547888	33.3144
1546548068	33.7927
1546548383	33.2177
1546548656	33.1098
1546548698	33.0384
1546548767	32.9109
1546549440	33.1949
1546549650	33.0909
1546549740	33.0917
1546550187	32.5749
1546550237	32.5687
1546550358	32.5648
1546550399	32.4964
1546550772	32.5084
1546550962	32.5675
1546551034	32.3991
1546551252	32.3818
1546551260	32.4134
1546551304	32.3960
1546551404	32.2970
1546551689	32.0465
1546551812	32.1440
1546551893	32.1963
1546551962	32.2086
1546551986	32.2097
1546552060	32.1882
1546552078	32.2128
1546552217	32.0853
1546552411	31.9395
1546553094	31.7784
1546553198	31.6207
1546553237	31.5976
1546553265	31.5973
1546553288	31.6186
1546553526	31.4078
1546553643	31.3958
1546553867	31.3980
1546554190	31.4901
1546555253	30.7096
1546555570	30.0716
1546555889	30.1026
1546555905	30.0973
1546556111	30.0373
1546556276	29.9052
1546556626	29.8179
1546556658	29.7774
1546556982	29.5435
1546557111	29.3781
1546557471	29.0290
1546557740	28.8606
1546557829	28.7873
1546557953	28.7922
1546557959	28.8149
1546558128	28.4486
1546558278	28.2717
1546558544	28.0155
1546558572	27.9938
1546558574	27.9939
1546559044	27.8013
1546559072	27.8591
1546559509	27.4121
1546559526	27.3950
1546559799	27.1387
1546560435	26.7832
1546560621	26.7712
1546561013	26.5061
1546561023	26.4927
1546561162	26.4662
1546561421	26.1723
1546561596	26.0372
1546561613	26.0036
1546562298	25.4990
1546562307	25.4984
1546562335	25.4915
1546562418	25.4757
1546562516	25.2984
1546562726	25.3015
1546562786	25.2912
1546562870	25.3096
1546562888	25.2815
1546563011	25.3068
1546563072	25.2974
1546563089	25.2420
1546563144	25.1691
1546563147	25.1537
1546563633	24.8035
1546563648	24.7937
1546563740	24.8169
1546563963	24.6048
1546564094	24.6247
1546564222	24.6050
1546564810	24.3897
1546564899	24.2413
1546565285	23.9905
1546565356	23.9097
1546565505	23.8938
1546565661	23.8694
1546565711	23.7862
1546565845	23.6995
1546566187	23.6942
1546566256	23.6949
1546566435	23.6190
1546566700	23.6139
1546566881	23.5150
1546566992	23.5586
1546567004	23.5736
1546567350	23.4037
1546567638	23.0619
1546567685	23.0041
1546567787	23.0966
1546567933	23.0835
1546568362	23.1140
1546568376	23.1055
1546569022	22.4658
1546569103	22.2518
1546569450	21.9928
1546569575	21.8950
1546569581	21.8822
1546569583	21.9177
1546570213	22.1751
1546570642	21.6537
1546570763	21.5545
1546570795	21.5251
1546570823	21.4757
1546570851	21.4210
1546571084	21.1811
1546571103	21.1864
1546571161	21.2082
1546571424	20.8849
1546571639	20.7936
1546571703	20.7911
1546571859	20.5360
1546571932	20.5031
1546572148	20.4657
1546572630	20.2436
1546572777	20.3084
1546572993	20.3411
1546573200	20.2996
1546573511	20.0804
1546573564	19.9967
1546574082	19.6299
1546574109	19.6006
1546574307	19.5483
1546574655	19.4984
1546574689	19.5216
1546574774	19.3660
1546574907	19.2452
1546575343	19.1135
1546576094	18.7292
1546576232	18.6988
1546576770	18.4058
1546577064	18.2442
1546577591	17.7956
1546577706	17.5848
1546578173	17.2967
1546578206	17.3071
1546578748	17.0517
1546578783	17.0050
1546578837	16.9967
1546578950	16.9056
1546579223	16.7075
1546579478	16.7010
1546579693	16.7122
1546580036	16.3073
1546581582	15.8631
1546581791	15.7101
1546581793	15.7057
1546581800	15.6881
1546581804	15.6991
1546581903	15.6909
1546582024	15.5053
1546582337	15.9287
1546582993	16.2108
1546583371	15.7421
1546583525	15.5656
1546583666	15.4919
1546583994	15.7110
1546584270	15.7982
1546584514	15.7014
1546584561	15.7001
1546584584	15.6974
1546584715	15.4027
1546584728	15.3966
1546584877	15.2940
1546584883	15.2774
1546584909	15.2911
1546585051	15.1872
1546585440	15.2045
1546585546	15.1077
1546585577	15.0708
1546585665	14.9897
1546585860	14.8126
1546586032	14.6198
1546586070	14.6250
1546586277	14.6215
1546586611	14.5335
1546586799	14.5125
1546586902	14.5941
1546586921	14.6041
1546587297	14.3971
1546587724	14.3901
1546587776	14.4019
1546588094	14.4679
1546588208	14.3919
1546588393	14.3709
1546588541	14.3227
1546589346	13.6021
1546589764	13.5996
1546589765	13.5972
1546589914	13.6418
1546590061	13.5878
1546590570	13.3123
1546592453	12.9848
1546592554	12.9153
1546592938	13.2871
1546593290	12.9876
1546593404	13.0083
1546593531	13.0076
1546593571	12.9977
1546593679	12.9938
1546594400	12.9469
1546594585	13.0894
1546594741	13.1058
1546594780	13.1023
1546595079	12.9948
1546595131	12.9984
1546595144	13.0041
1546595256	13.1607
1546595278	13.1962
1546595345	13.3244
1546595486	13.3405
1546595542	13.3604
1546595800	13.2555
1546595812	13.2192
1546595987	13.2153
1546596177	13.2031
1546596690	13.1931
1546596693	13.2033
1546596757	13.2105
1546596846	13.2954
1546596896	13.2898
1546596934	13.3066
1546597104	13.2234
1546597292	13.6137
1546597464	13.9096
1546597543	13.9548
1546598039	14.5030
1546598125	14.6435
1546598417	14.9526
1546598623	15.4371
1546598887	16.2305
1546598965	16.5364
1546598971	16.5677
1546598982	16.5920
1546598984	16.6398
1546599315	16.9873
1546599577	17.2426
1546599717	17.5104
1546599838	17.5933
1546599983	17.9736
1546600350	18.6609
1546600511	18.8259
1546600698	19.1297
1546600728	19.1890
1546600757	19.2765
1546600932	19.5167
1546601024	19.6567
1546601223	20.0010
1546601593	20.4210
1546601637	20.4959
1546601944	21.0031
1546601967	21.0106
1546602107	21.1796
1546602181	21.2969
1546602347	21.5946
1546602382	21.6541
1546602738	22.1503
1546603023	22.5002
1546603149	22.4949
1546603335	22.5031
1546603367	22.5009
1546603465	22.7087
1546603710	23.0595
1546603763	23.1848
1546603941	23.6152
1546604054	23.3616
1546604120	23.2293
1546604265	23.1016
1546604281	23.0945
1546604297	23.0932
1546604329	23.1044
1546604502	23.6098
1546604616	23.8515
1546604720	24.1483
1546604958	23.7302
1546605042	23.6593
1546605058	23.6089
1546605633	24.4481
1546605937	24.5740
1546606480	24.7164
1546606672	24.6907
1546606769	24.8508
1546607028	25.1027
1546607595	25.6004
1546608000	26.0094
1546608544	26.3131
1546609084	27.4130
1546609214	27.1789
1546609319	27.2935
1546609331	27.3146
1546609376	27.3862
1546609924	27.3996
1546609998	27.2811
1546610200	27.6535
1546610334	27.7908
1546610434	28.0536
1546610503	28.1765
1546610517	28.1732
1546610777	27.9673
1546611098	27.9702
1546611632	28.3932
1546611668	28.2891
1546612055	28.3655
1546612134	28.2833
1546612207	28.3223
1546612298	28.6789
1546612549	28.6989
1546612647	28.6873
1546612766	29.1868
1546612987	29.5038
1546613037	29.5050
1546613305	29.4409
1546614181	29.4940
1546614807	29.7820
1546615051	29.8970
1546615120	29.8348
1546615183	29.8771
1546615516	29.9362
1546615646	30.0840
1546616031	30.5922
1546616130	30.2997
1546616280	30.8109
1546616287	30.8087
1546616759	30.4982
1546617441	30.0745
1546617614	30.3040
1546617750	30.6507
1546617889	30.3965
1546618117	30.6396
1546618228	30.3497
1546618376	30.1047
1546618497	30.2770
1546618646	30.8885
1546618801	30.8020
1546619090	30.7019
1546619414	30.8570
1546619424	30.8774
1546619979	30.6431
1546620393	30.9588
1546620682	30.9264
1546620813	31.0524
1546621090	30.7354
1546621545	31.0531
1546621576	31.1332
1546621656	31.1412
1546621776	31.0396
1546622070	30.6025
1546622225	30.7790
1546622403	30.3903
1546622647	30.4609
1546622855	30.7334
1546622867	30.8032
1546622876	30.8861
1546622914	30.8998
1546623055	30.4287
1546623261	30.3557
1546623276	30.4189
1546623964	30.4774
1546624123	30.6465
1546624124	30.6532
1546624154	30.7458
1546624337	30.6015
1546624341	30.5999
1546624448	30.6049
1546624797	30.5055
1546624823	30.4182
1546625050	30.4254
1546625345	30.3978
1546625379	30.4215
1546625614	30.6837
1546625699	30.7015
1546625987	30.4340
1546626657	30.0678
1546626687	30.1144
1546626702	30.1026
1546626900	30.8092
1546627032	30.9176
1546627374	30.2233
1546627449	30.1800
1546627685	30.0950
1546627990	30.5991
1546628000	30.5954
1546628361	31.0311
1546628482	30.3399
1546628915	30.6205
1546628939	30.5143
1546629043	30.3336
1546629133	30.2882
1546629236	30.3974
1546629451	30.2021
1546629665	30.4177
1546629691	30.4529
1546629956	29.9963
1546630245	29.6036
1546630249	29.5896
1546630698	29.7557
1546630716	29.7496
1546631020	30.2983
1546631085	30.2399
1546631270	30.3045
1546631379	30.2962
1546631525	30.2220
1546631638	30.3184
1546631710	30.2059
1546631752	30.0970
1546631797	30.0496
1546632265	29.7609
1546632311	29.6832
1546632351	29.5989
1546632570	29.4540
1546633070	29.4544
1546633078	29.4025
1546633390	29.3601
1546633528	29.0428
1546633653	29.0466
1546633710	28.9601
1546634221	28.9076
1546634348	29.0216
1546634642	28.6961
1546634860	28.6475
1546634927	28.5339
1546635092	28.8014
1546635307	28.6956
1546635344	28.6107
1546635605	28.6265
1546635613	28.6378
1546635681	28.7552
1546635882	28.7412
1546636233	28.3574
1546636257	28.3930
1546636332	28.5662
1546636341	28.5698
1546636730	28.2983
1546637065	27.8674
1546637377	27.9265
1546637413	27.8501
1546637511	27.6061
1546638255	27.6019
1546638456	27.9151
1546638885	27.7179
1546639071	27.4950
1546639164	27.5958
1546639173	27.5816
1546639319	27.5051
1546639575	27.0920
1546639653	27.0476
1546639717	26.9842
1546639928	27.0138
1546640250	26.7615
1546641091	26.3969
1546641249	26.3096
1546641467	26.1852
1546641502	26.1633
1546641639	25.9834
1546641857	25.5985
1546642045	25.6966
1546642395	25.4968
1546642595	25.4958
1546642628	25.5140
1546642636	25.5197
1546643197	25.0530
1546643500	24.7925
1546643786	24.5542
1546643915	24.4651
1546643992	24.4785
1546644242	24.3000
1546644260	24.3276
1546644785	23.8084
1546645110	23.6378
1546645672	23.3979
1546645761	23.3295
1546645841	23.1990
1546646254	23.1162
1546646608	23.0490
1546646618	23.0331
1546647424	22.5043
1546647708	22.2867
1546647726	22.2993
1546647805	22.2951
1546647959	22.1976
1546648266	21.9957
1546648333	22.0109
1546648467	21.9163
1546649008	21.5856
1546649124	21.5998
1546649215	21.6080
1546649223	21.6107
1546649331	21.4168
1546649511	21.3093
1546650003	21.1054
1546650349	21.1071
1546650353	21.1067
1546650549	21.0227
1546650702	21.1008
1546650768	21.0154
1546650830	21.0079
1546650904	20.9021
1546651030	20.8830
1546651200	20.7970
1546651252	20.7026
1546651278	20.6881
1546651427	20.6963
1546651629	20.5928
1546651891	20.4883
1546652037	20.5085
1546652243	20.5740
1546652270	20.5362
1546652369	20.4918
1546652391	20.5041
1546652490	20.4586
1546652499	20.4308
1546653266	20.0857
1546653656	19.8945
1546654546	19.7003
1546654565	19.7096
1546654798	19.7126
1546655115	19.4838
1546655339	19.4912
1546655602	19.4191
1546655799	19.5683
1546656191	19.7046
1546656562	19.7697
1546656567	19.7439
1546656813	19.7982
1546656868	19.8293
1546657171	19.9027
1546657201	19.9058
1546657418	19.7850
1546657455	19.7841
1546657855	19.5921
1546657891	19.5575
1546658145	19.3402
1546658327	19.2100
1546658763	19.1912
1546658894	19.3028
1546658912	19.3007
1546659106	19.2675
1546659239	19.1991
1546659380	19.1715
1546659387	19.1541
1546659444	19.0834
1546659706	19.0336
1546659767	19.0012
1546659786	19.0084
1546659973	18.8937
1546660137	18.8903
1546660505	18.8053
1546660950	18.5850
1546661153	18.4999
1546661416	18.0891
1546661463	18.0906
1546661505	18.0358
1546661828	17.6788
1546661914	17.6162
1546661925	17.5980
1546662347	17.3258
1546662389	17.3398
1546662402	17.3991
1546662507	17.3944
1546662583	17.4726
1546662680	17.5299
1546662815	17.6436
1546662975	17.7013
1546663025	17.6948
1546663095	17.6816
1546663107	17.6617
1546663306	17.5212
1546663355	17.4973
1546663568	17.3903
1546663705	17.3099
1546663860	17.3031
1546663922	17.2876
1546664789	17.7667
1546664894	17.7829
1546665035	17.6314
1546665065	17.5988
1546665282	17.4276
1546665349	17.4001
1546665503	17.2903
1546665529	17.3053
1546665591	17.2081
1546665839	17.1169
1546665877	17.1160
1546665945	17.0984
1546665986	17.0948
1546666325	16.6866
1546666366	16.6172
1546666521	16.4760
1546666704	16.3931
1546666753	16.4178
1546667181	16.5939
1546667228	16.6033
1546667287	16.5861
1546667292	16.5864
1546667619	16.1784
1546667632	16.2021
1546667690	16.1159
1546667899	15.9913
1546667936	16.0027
1546667947	15.9930
1546668002	15.9138
1546668014	15.9025
1546668166	15.8300
1546668179	15.8139
1546668297	15.7241
1546668607	15.5748
1546669334	15.4192
1546669514	15.4068
1546669662	15.2937
1546669779	15.2875
1546669793	15.3121
1546670367	15.6957
1546671117	15.5948
1546671343	15.5096
1546671906	15.2023
1546672135	15.4065
1546672536	15.1545
1546673436	14.4808
1546673608	14.4016
1546673883	14.3184
1546674206	14.2084
1546674826	14.5037
1546675085	14.8153
1546675098	14.8379
1546675118	14.8715
1546675150	14.8852
1546675310	14.8948
1546675427	14.8235
1546675552	14.8810
1546675785	14.9644
1546675850	15.0063
1546675908	15.0114
1546676016	14.9063
1546676206	14.7202
1546676221	14.7014
1546676290	14.6849
1546676623	14.4886
1546677064	14.5192
1546677071	14.5267
1546677241	14.6997
1546677290	14.6994
1546677558	14.6892
1546678428	14.5894
1546678472	14.5911
1546678495	14.6048
1546678565	14.4898
1546678581	14.4677
1546678671	14.3855
1546678792	14.3085
1546679101	14.0024
1546679330	13.9942
1546679619	13.9287
1546680237	14.0979
1546680302	14.1000
1546680362	14.1855
1546680507	14.3367
1546680709	14.4935
1546680721	14.5069
1546680859	14.6208
1546681153	14.4850
1546681486	14.3008
1546681875	14.2952
1546682229	14.2051
1546682281	14.1832
1546682394	14.1000
1546682470	13.9916
1546682514	14.0030
1546682705	13.9965
1546683347	14.1072
1546683423	14.1321
1546683552	14.4303
1546683612	14.6076
1546683737	14.8048
1546683747	14.8031
1546684060	15.1305
1546684165	15.2376
1546684878	15.7114
1546684999	15.8201
1546685013	15.7876
1546685073	15.8006
1546685196	15.7975
1546685220	15.8070
1546685628	15.9797
1546685904	16.1070
1546686132	16.2124
1546686248	16.3048
1546686313	16.2980
1546686447	16.4014
1546686655	16.4158
1546686782	16.5062
1546686833	16.4818
1546687241	16.7843
1546687364	16.8364
1546687443	16.8105
1546687444	16.8216
1546688047	17.3026
1546688048	17.3131
1546688156	17.3163
1546688412	17.5141
1546688900	17.6675
1546688980	17.7444
1546689538	17.6983
1546689731	17.7814
1546689893	17.5089
1546689923	17.5422
1546689973	17.5972
1546690041	17.6450
1546690320	17.8152
1546690629	17.4973
1546690922	17.7953
1546691093	17.8329
1546691233	17.6228
1546691247	17.5919
1546691264	17.6093
1546691606	17.7471
1546692014	18.3347
1546692181	18.3010
1546692210	18.3076
1546692294	18.3781
1546692353	18.4929
1546692518	18.1321
1546692577	17.9185
1546692659	18.0893
1546692812	18.5951
1546692860	18.5438
1546692908	18.3964
1546692927	18.4082
1546693178	17.9642
1546693278	17.9387
1546693711	18.5531
1546693754	18.5350
1546693814	18.6268
1546694301	18.9615
1546694365	19.1456
1546694956	18.7085
1546695050	18.7933
1546695700	19.7316
1546696120	19.4570
1546696135	19.4457
1546696376	19.2112
1546697009	20.0272
1546697043	20.1194
1546697244	20.2961
1546697272	20.3159
1546697400	20.3024
1546697476	20.3117
1546697692	20.6673
1546697744	20.7127
1546697791	20.7438
1546698415	20.9956
1546698770	21.0777
1546698836	21.1977
1546698896	21.2101
1546699607	21.7082
1546699943	22.0156
1546700036	21.9952
1546700183	22.4182
1546700432	22.4594
1546700457	22.4906
1546700575	22.9883
1546700588	23.0151
1546700690	23.1212
1546700975	23.2127
1546701010	23.1077
1546701221	23.1311
1546701300	23.0048
1546701363	23.4061
1546701451	23.3483
1546701486	23.2865
1546701962	23.4266
1546702255	24.1011
1546702613	23.9128
1546702665	23.8267
1546702723	23.8146
1546703578	24.2821
1546703776	24.3625
1546703820	24.3026
1546703878	24.4980
1546704322	24.3623
1546704703	24.4800
1546704900	24.1138
1546704999	23.9491
1546705067	24.0620
1546705140	24.4034
1546705364	24.2079
1546705456	24.4705
1546705629	24.0901
1546705848	24.3381
1546707118	25.1067
1546707204	25.1735
1546707538	25.0924
1546707712	25.1974
1546707857	25.4096
1546708711	25.6605
1546708920	25.8836
1546709068	26.1943
1546709282	26.4007
1546709805	26.0988
1546709828	26.0699
1546710029	26.2057
1546710440	26.2951
1546710445	26.2838
1546710604	26.5266
1546710721	26.7045
1546710838	26.5282
1546710842	26.5061
1546711231	26.2979
1546711470	26.0518
1546711612	26.3713
1546711780	26.2046
1546711908	26.1527
1546712146	26.3861
1546712410	26.4976
1546712527	26.4797
1546712993	26.8665
1546713406	26.8092
1546713665	26.8076
1546714257	27.0002
1546714428	27.2187
1546714716	27.5585
1546714829	27.4012
1546715039	27.2993
1546715399	27.7108
1546715406	27.6843
1546715624	27.7771
1546715638	27.7803
1546715925	27.7937
1546716075	27.7915
1546716093	27.7942
1546716144	27.7903
1546716449	27.2465
1546716708	27.4286
1546716755	27.7022
1546717551	27.7161
1546717663	28.0483
1546717809	27.8992
1546718484	27.3585
1546718688	27.3125
1546718869	27.0312
1546719181	26.5068
1546719515	26.4708
1546719529	26.4933
1546719754	26.8716
1546719847	26.9164
1546720045	27.3067
1546720086	27.2854
1546720296	27.1436
1546720320	27.1154
1546720536	27.1322
1546720554	27.1792
1546721012	27.3935
1546721034	27.3133
1546721076	27.2291
1546721501	27.1029
1546721912	27.3434
1546721998	27.3774
1546722208	27.8411
1546722377	27.6715
1546722796	27.6054
1546722989	27.3494
1546723593	26.9412
1546723851	26.8368
1546723855	26.8110
1546724832	27.0063
1546725161	27.0992
1546725222	27.1130
1546725296	26.9126
1546725347	26.6522
1546725461	26.5956
1546726072	26.0093
1546726128	26.0740
1546726154	26.1563
1546726210	26.3085
1546726340	26.1968
1546726360	26.2205
1546726544	26.3735
1546726831	25.8594
1546726870	25.7798
1546727029	25.5918
1546727297	25.4219
1546727345	25.5067
1546728322	24.6121
1546728493	24.2045
1546728528	24.1914
1546728838	24.3096
1546729035	23.8965
1546729186	24.0303
1546729770	23.5571
1546730175	23.1940
1546730232	23.1961
1546730387	23.0199
1546730418	23.0127
1546730619	22.7959
1546730903	22.4532
1546731017	22.3742
1546731061	22.3109
1546731393	22.0476
1546731486	22.0000
1546731553	21.9988
1546731735	21.9803
1546731834	21.8169
1546731976	21.6962
1546732175	21.4595
1546732268	21.4024
1546732743	21.3093
1546732825	21.3034
1546732917	21.2939
1546733390	20.9344
1546734125	20.6008
1546734356	20.4095
1546734388	20.4063
1546734462	20.4012
1546734978	20.2734
1546735053	20.1975
1546735414	19.9941
1546735460	19.9720
1546735585	19.8968
1546735640	19.8644
1546735662	19.8188
1546735852	19.6985
1546736185	19.5003
1546736534	19.4139
1546736558	19.3958
1546737500	18.9777
1546737694	18.8682
1546737794	18.7958
1546737864	18.7955
1546737889	18.8109
1546738260	18.5934
1546738287	18.6125
1546738581	18.5065
1546738802	18.4916
1546739037	18.4084
1546739117	18.4607
1546739210	18.4063
1546739264	18.3163
1546739444	18.2182
1546739491	18.2172
1546739532	18.1836
1546740617	17.7743
1546740767	17.8188
1546740959	17.6926
1546741112	17.7054
1546741389	17.6177
1546741753	17.6884
1546741895	17.6157
1546742184	17.4962
1546742198	17.5155
1546742361	17.4046
1546742417	17.3787
1546742770	17.3926
1546743195	17.2063
1546743536	17.1044
1546743660	17.1010
1546743772	17.1272
1546743944	17.0763
1546744070	17.0036
1546744240	17.0230
1546744355	16.9722
1546744505	16.8896
1546744595	16.8981
1546744762	16.8940
1546744992	16.7964
1546745266	16.8044
1546745358	16.7687
1546745507	16.6933
1546745564	16.7697
1546745663	16.6852
1546745696	16.7019
1546745700	16.7097
1546746277	16.5860
1546746533	16.5298
1546746851	16.4897
1546747090	16.4278
1546747307	16.3970
1546747736	16.3019
1546747870	16.3182
1546748782	16.1565
1546748864	16.1761
1546748974	16.0912
1546749270	15.9399
1546749689	16.0116
1546749731	15.9919
1546749764	15.9989
1546749835	16.0025
1546749924	15.9054
1546750132	15.8154
1546750391	15.9011
1546750686	15.7160
1546750687	15.6953
1546750774	15.6961
1546751176	15.6908
1546751693	15.6953
1546751997	15.6084
1546752344	15.5001
1546752388	15.4996
1546752499	15.3905
1546752667	15.3929
1546753065	15.3130
1546753370	15.2975
1546753736	15.3013
1546754196	15.1918
1546754204	15.1961
1546754219	15.2131
1546754440	15.2284
1546754450	15.2182
1546754470	15.2009
1546754482	15.2066
1546754831	15.1032
1546754973	15.0684
1546754989	15.0719
1546755032	15.0301
1546755199	14.9928
1546755248	15.0043
1546755423	14.8992
1546755517	15.0016
1546755637	14.9160
1546755880	14.9139
1546755944	14.8216
1546756127	14.8222
1546756914	14.5971
1546757055	14.6053
1546757470	14.5058
1546757673	14.5294
1546757982	14.5758
1546758068	14.4894
1546758120	14.5158
1546758164	14.5119
1546758490	14.3999
1546758698	14.3947
1546758826	14.4134
1546758945	14.4075
1546759079	14.3992
1546759155	14.3860
1546759439	14.3033
1546759685	14.2059
1546760137	14.0632
1546760197	14.1101
1546760215	14.0983
1546760388	14.1257
1546760694	13.9979
1546761031	13.9929
1546761100	14.0251
1546761621	14.0572
1546761628	14.0605
1546761907	14.1038
1546761970	14.0795
1546762172	14.1087
1546762259	14.1063
1546762350	14.1154
1546762503	14.0050
1546762842	14.0842
1546763252	14.1019
1546763378	14.0972
1546763440	14.1223
1546763590	14.1144
1546764174	13.9971
1546764347	13.9094
1546764429	13.9155
1546764477	13.9978
1546764485	14.0013
1546764577	13.9800
1546764612	14.0094
1546764704	13.9223
1546765331	13.8164
1546765355	13.8515
1546765645	13.7865
1546765963	13.7972
1546766201	13.7422
1546766459	13.8158
1546766611	13.7088
1546766805	13.8069
1546766869	13.7996
1546767012	13.8275
1546767356	13.8911
1546767480	13.9073
1546767492	13.9127
1546767495	13.8992
1546767589	13.8860
1546767604	13.9120
1546767712	13.8969
1546767929	13.8931
1546767979	13.9254
1546768414	14.2095
1546768441	14.2054
1546768842	14.1044
1546769006	14.1421
1546769163	14.1985
1546769286	14.2044
1546769826	14.2024
1546769899	14.2100
1546770094	14.1941
1546770354	14.1992
1546770451	14.2404
1546770722	14.4151
1546770825	14.5008
1546771284	14.6233
1546771444	14.7163
1546771469	14.7673
1546771470	14.7405
1546771512	14.7616
1546771880	14.8588
1546771903	14.8241
1546772625	14.9934
1546772701	14.9977
1546772947	15.2036
1546773235	15.3962
1546773448	15.5117
1546773559	15.5911
1546774669	16.1974
1546775007	16.5360
1546775103	16.5832
1546776043	17.2008
1546776374	17.2812
1546776445	17.3036
1546776448	17.3049
1546776482	17.3196
1546776565	17.2991
1546776584	17.2960
1546776837	17.6917
1546777617	17.7878
1546777702	17.5942
1546777985	17.5063
1546778187	17.5391
1546778736	18.1442
1546778955	18.3125
1546778958	18.2937
1546779616	18.7192
1546779649	18.7803
1546779736	18.6874
1546779955	18.5914
1546780018	18.6846
1546780403	18.9576
1546780690	18.4961
1546781040	18.2941
1546781054	18.2669
1546781260	18.4650
1546781335	18.5813
1546781613	18.8433
1546781666	18.9875
1546782028	19.3521
1546782059	19.1994
1546782295	19.5863
1546782354	19.7053
1546782383	19.7280
1546782799	19.9052
1546783379	20.2998
1546783920	20.8100
1546784130	19.8923
1546784385	20.0713
1546784511	20.2724
1546784632	20.5791
1546785070	21.3045
1546785083	21.2475
1546785139	21.2272
1546785229	21.3002
1546785549	21.2131
1546785648	21.1314
1546785650	21.1418
1546785844	20.9733
1546785863	20.9615
1546785912	20.8892
1546786674	21.6804
1546786732	21.6952
1546787015	22.1517
1546787586	22.9021
1546787658	22.7442
1546788027	23.0783
1546788090	22.9629
1546788093	22.9639
1546788099	22.9606
1546788373	22.1307
1546788754	23.3897
1546789208	22.9177
1546789298	23.0633
1546789441	23.7148
1546789514	23.7499
1546789558	23.6164
1546789613	23.7009
1546789714	23.4945
1546789988	23.4413
1546790427	23.6666
1546790576	23.8072
1546790599	23.9553
1546790606	24.0329
1546791295	24.5046
1546791303	24.4942
1546791312	24.4932
1546791314	24.5343
1546791386	24.3673
1546791590	24.1520
1546792565	24.6653
1546792786	24.1267
1546792836	24.4166
1546793066	24.8048
1546793161	24.7979
1546793247	24.6441
1546793463	24.8689
1546793655	24.5991
1546793900	24.6250
1546794120	25.6988
1546794268	24.9064
1546794508	24.5609
1546794546	24.5148
1546794568	24.5472
1546794589	24.5876
1546794746	24.6345
1546794798	24.7455
1546795037	25.3756
1546795186	24.9798
1546795356	24.6080
1546795415	24.5641
1546795510	24.3693
1546795808	24.5989
1546796476	24.8973
1546796725	24.6626
1546796843	24.6423
1546796960	25.2091
1546797515	25.1660
1546797733	25.4253
1546797735	25.4109
1546797763	25.4689
1546797959	24.8015
1546798586	25.7653
1546798704	25.3287
1546798764	25.1582
1546798989	25.1339
1546799488	25.8494
1546799646	25.3841
1546800009	25.2799
1546800500	24.9454
1546800663	24.5993
1546800734	24.9361
1546801030	25.4826
1546801314	25.6038
1546801764	25.4845
1546801784	25.5142
1546801801	25.4955
1546801910	25.7707
1546802485	25.6267
1546802636	25.6026
1546802650	25.5974
1546802662	25.6104
1546803158	25.2276
1546803341	25.5596
1546803663	26.0092
1546803879	25.9031
1546804447	25.2843
1546804463	25.2632
1546805222	25.3122
1546805675	25.4841
1546805905	25.5011
1546806182	25.2052
1546806504	25.3046
1546806831	25.2366
1546806963	24.7959
1546807019	24.9007
1546807360	25.2152
1546807634	25.0864
1546807906	24.9537
1546808287	25.0698
1546808548	24.6090
1546809409	24.5144
1546809645	24.2338
1546809990	24.0997
1546810020	24.1024
1546810876	23.7413
1546810980	23.5025
1546811059	23.3642
1546811319	23.2098
1546811525	23.1885
1546811544	23.1680
1546811582	23.0923
1546811729	23.1517
1546812468	22.6042
1546813043	22.3703
1546813126	22.2094
1546813568	22.0301
1546813626	22.0903
1546813696	22.1252
1546813794	22.1109
1546814274	21.7003
1546814439	21.7017
1546814560	21.6559
1546814641	21.7954
1546814689	21.7071
1546814728	21.7168
1546815254	21.4265
1546815495	21.4707
1546815517	21.4388
1546815578	21.4043
1546815580	21.3957
1546815581	21.3968
1546816240	21.1061
1546816253	21.1181
1546816321	20.9767
1546816397	20.9738
1546816571	20.9903
1546816837	20.8915
1546816896	20.8236
1546817089	20.7075
1546817164	20.7062
1546817344	20.7008
1546818244	20.4127
1546818293	20.4811
1546818304	20.4856
1546818471	20.3126
1546818592	20.2855
1546818668	20.1829
1546818693	20.1367
1546819420	19.9022
1546819502	19.8184
1546819560	19.7990
1546819821	19.6914
1546819836	19.7176
1546820136	19.5892
1546820167	19.5916
1546820440	19.4372
1546820732	19.3435
1546820867	19.2928
1546820995	19.2983
1546821349	19.1995
1546821382	19.2024
1546821613	19.1733
1546821685	19.0951
1546821750	19.1006
1546822742	18.8091
1546822781	18.7376
1546822782	18.7151
1546822941	18.7086
1546823396	18.6141
1546823488	18.6136
1546823886	18.5009
1546824303	18.6104
1546824378	18.5685
1546824415	18.5155
1546824860	18.1909
1546825043	18.2381
1546825409	17.9976
1546825438	17.9809
1546825483	18.0010
1546825811	17.7954
1546826090	17.8135
1546826278	17.7000
1546826442	17.7020
1546826561	17.6133
1546826674	17.6101
1546827219	17.5002
1546827232	17.4813
1546827430	17.5141
1546827780	17.5817
1546827983	17.4941
1546828258	17.5954
1546828747	17.6025
1546828813	17.6122
1546828840	17.5899
1546828973	17.5111
1546829004	17.5012
1546829136	17.4823
1546829156	17.4884
1546829236	17.5442
1546829260	17.4823
1546829438	17.3945
1546829705	17.3993
1546830503	17.3220
1546830684	17.3431
1546831256	17.5094
1546831360	17.4809
1546831524	17.4964
1546831551	17.4792
1546832071	17.6464
1546832186	17.6412
1546832266	17.6962
1546832543	17.6739
1546832746	17.6837
1546833074	17.6681
1546833205	17.6628
1546833353	17.6086
1546833579	17.6007
1546833710	17.6151
1546834049	17.5957
1546834409	17.5445
1546834615	17.5880
1546834622	17.5925
1546834734	17.4906
1546834796	17.5045
1546835004	17.4928
1546835088	17.4901
1546835244	17.4115
1546835248	17.4129
1546835306	17.3945
1546835991	17.2203
1546836434	17.1718
1546836645	17.1029
1546837033	16.8762
1546837219	16.7854
1546837749	16.8908
1546838108	16.7119
1546838146	16.7045
1546838156	16.7060
1546838596	16.5121
1546838851	16.3437
1546839156	16.2956
1546839393	16.1952
1546839398	16.1921
1546839512	16.1995
1546839794	16.1002
1546839834	16.0920
1546840124	16.1018
1546840133	16.0869
1546840301	16.0855
1546840327	16.1146
1546840459	15.9911
1546840464	16.0053
1546840651	16.0074
1546840910	15.9147
1546840978	15.9004
1546841037	15.8987
1546841059	15.9001
1546841075	15.9086
1546841181	15.8944
1546841376	15.7961
1546841487	15.7427
1546841666	15.7526
1546842064	15.7116
1546842278	15.6986
1546842527	15.6872
1546843059	15.5934
1546843487	15.4902
1546843617	15.3924
1546843697	15.4049
1546843810	15.3264
1546844142	15.4244
1546844147	15.4151
1546844210	15.3965
1546844372	15.3155
1546844470	15.3070
1546844483	15.2914
1546844975	15.1465
1546845048	15.0784
1546845283	15.0031
1546845628	14.9507
1546846177	14.6005
1546846410	14.3993
1546846740	14.3093
1546847095	14.2067
1546847341	14.4032
1546847353	14.4285
1546847718	14.4993
1546848235	14.6004
1546848329	14.4387
1546848514	14.2333
1546848750	13.9833
1546848781	14.0229
1546849129	13.5978
1546849196	13.5124
1546849340	13.3710
1546849384	13.2993
1546849699	13.4205
1546849724	13.4683
1546849740	13.5104
1546849942	13.4750
1546849997	13.3920
1546850396	13.3055
1546850534	13.1962
1546850925	13.0560
1546851006	13.1711
1546851364	13.0849
1546851411	13.0858
1546851624	13.2056
1546852069	13.2707
1546852240	13.3378
1546852332	13.2772
1546852461	13.1498
1546852682	13.0150
1546852823	12.8555
1546853310	12.4926
1546853324	12.4863
1546853338	12.4873
1546853575	12.3100
1546853603	12.3508
1546853632	12.3900
1546853677	12.4209
1546854448	12.7837
1546854703	12.7067
1546854708	12.6970
1546854758	12.7011
1546854818	12.7568
1546855285	12.6907
1546855314	12.6958
1546855445	12.6062
1546855567	12.7105
1546856370	13.1410
1546856380	13.1778
1546856396	13.2051
1546856415	13.2177
1546856610	13.7450
1546856832	14.0202
1546856939	14.2004
1546857204	14.8408
1546857554	14.9962
1546857763	14.9987
1546858234	15.2303
1546858260	15.2067
1546858521	15.2673
1546858552	15.2118
1546858753	15.3192
1546858794	15.3128
1546858868	15.4062
1546859233	15.6303
1546859442	15.6946
1546859466	15.6842
1546859506	15.6292
1546859636	15.5914
1546859727	15.6236
1546859921	15.7278
1546859935	15.7090
1546860056	15.7971
1546860318	15.7984
1546860335	15.7899
1546860806	15.9993
1546861094	16.0041
1546861202	16.0760
1546861712	16.7029
1546861721	16.7181
1546861890	16.8660
1546862112	16.7716
1546862115	16.7650
1546862121	16.7587
1546862252	16.6011
1546862340	16.5066
1546862741	17.1581
1546862771	17.2231
1546862814	17.2882
1546863121	17.9007
1546864061	18.6377
1546864608	17.9141
1546865395	18.8112
1546865564	18.6859
1546865583	18.7091
1546865777	19.0268
1546866163	19.2987
1546866518	19.0205
1546866574	19.1588
1546866594	19.1960
1546867990	19.8825
1546868685	20.2857
1546868755	20.3900
1546869243	20.6347
1546869345	20.7311
1546869528	20.8166
1546869641	20.9434
1546869945	20.6796
1546870019	20.6036
1546870211	21.0149
1546870254	21.0822
1546870423	21.0923
1546870475	20.9847
1546870494	20.9180
1546870591	20.7838
1546871270	21.3803
1546871331	21.3069
1546871874	22.0875
1546871924	21.9684
1546872264	21.9343
1546873388	22.6888
1546873497	22.3127
1546873724	22.3614
1546874112	22.8884
1546874125	22.8990
1546874504	23.7600
1546874637	23.1349
1546874662	23.0839
1546874792	23.1953
1546874971	23.3862
1546875147	23.1658
1546875581	23.5989
1546875800	23.6115
1546875923	23.6399
1546876276	23.7121
1546876576	23.8530
1546876588	23.8226
1546876651	23.7547
1546876681	23.8087
1546876802	23.9966
1546877672	23.6580
1546877817	23.7975
1546878230	23.9812
1546878302	23.9922
1546878520	24.2109
1546878556	24.3191
1546878780	24.6902
1546878909	24.2919
1546879130	23.7556
1546879185	23.7151
1546879214	23.7873
1546879324	24.2064
1546879347	24.2441
1546879856	24.5149
1546880038	24.2804
1546880139	24.3581
1546880640	23.8963
1546880686	23.8987
1546880757	23.8058
1546880849	24.1851
1546880873	24.3642
1546880913	24.6389
1546881139	24.7306
1546881971	24.1379
1546881989	24.1910
1546882235	24.4957
1546882327	24.2755
1546882864	24.9056
1546883769	24.6993
1546883929	24.4183
1546883934	24.3953
1546884003	24.3960
1546884014	24.3712
1546884064	24.3194
1546884506	24.8723
1546884638	24.6561
1546884704	24.5371
1546884829	24.3888
1546885297	24.7843
1546885861	24.3850
1546885886	24.4014
1546886170	25.0758
1546886220	24.9225
1546886681	25.1982
1546886725	25.2374
1546886963	25.4901
1546886974	25.4985
1546887151	25.2835
1546887539	25.2055
1546887581	25.2064
1546887794	24.4448
1546887849	24.3126
1546888173	24.6676
1546888536	24.9682
1546888863	24.6123
1546888888	24.7014
1546889127	24.8024
1546889358	24.1345
1546889685	24.3065
1546889778	24.2635
1546890285	23.9718
1546890423	23.6782
1546890723	23.4949
1546890893	23.0256
1546891186	23.0987
1546891439	23.4178
1546892153	22.5988
1546892715	22.4420
1546892898	22.2333
1546893006	22.4265
1546893107	22.6708
1546893332	22.3042
1546893383	22.2039
1546893652	22.6111
1546893653	22.6188
1546893655	22.6145
1546894116	22.8194
1546894191	22.7140
1546894196	22.7057
1546894269	22.5691
1546894284	22.5116
1546894399	22.3651
1546894738	22.6809
1546894744	22.6911
1546895113	22.5691
1546895124	22.5737
1546895283	22.5048
1546895335	22.6803
1546895601	22.4632
1546895850	22.5936
1546895865	22.5502
1546896064	22.2956
1546896424	21.9153
1546896533	22.1002
1546896619	22.1332
1546896637	22.0808
1546896723	22.0928
1546896907	22.1106
1546897291	22.2798
1546897698	21.2993
1546897747	21.2856
1546897826	21.1404
1546897840	21.1238
1546897856	21.1004
1546897888	21.1064
1546897917	21.0948
1546898385	20.9092
1546898544	21.0649
1546898971	20.8889
1546899685	20.6130
1546899690	20.6102
1546899820	20.4215
1546899859	20.4378
1546899919	20.5041
1546900124	20.6937
1546900133	20.6906
1546900394	20.1674
1546900648	19.8483
1546900796	19.9166
1546900816	19.8831
1546901241	19.7654
1546901269	19.7025
1546901417	19.4906
1546901792	19.3928
1546901849	19.2584
1546902414	18.7173
1546902574	18.6285
1546902858	18.5200
1546903191	18.4969
1546903422	18.2973
1546903604	18.3972
1546903634	18.4236
1546903743	18.2954
1546903872	18.1901
1546904538	17.9025
1546904716	17.8961
1546904795	17.9125
1546904820	17.9119
1546905043	17.8439
1546905366	17.8166
1546905478	17.7142
1546905507	17.7000
1546905903	17.7035
1546906024	17.6177
1546906451	17.5852
1546906655	17.4399
1546906820	17.2964
1546907002	17.3047
1546907051	17.2774
1546907129	17.1889
1546907264	17.2003
1546907460	17.1145
1546907531	17.1061
1546907634	17.2169
1546907724	17.1122
1546907807	17.0239
1546907982	16.8958
1546908313	16.8222
1546909265	16.6021
1546909426	16.6054
1546909450	16.5833
1546909576	16.3953
1546909608	16.4096
1546909681	16.3977
1546909765	16.2970
1546910041	16.2960
1546910405	16.0140
1546910652	15.9939
1546911011	15.9853
1546911221	15.9085
1546911440	15.8098
1546911635	15.7644
1546911663	15.6949
1546911879	15.6906
1546911880	15.6927
1546912164	15.6635
1546912675	15.4962
1546912834	15.5048
1546912842	15.4916
1546912875	15.4919
1546913444	15.4946
1546913559	15.5105
1546913987	15.3881
1546914024	15.4143
1546914105	15.4625
1546914327	15.3071
1546914373	15.2845
1546914419	15.2782
1546914461	15.3080
1546914547	15.3174
1546914554	15.3201
1546914756	15.2944
1546914775	15.2959
1546915015	15.3001
1546915308	15.2147
1546915366	15.2506
1546915434	15.2344
1546915510	15.2045
1546915808	15.2130
1546915853	15.2162
1546915959	15.1479
1546915966	15.1115
1546916249	15.0160
1546916359	14.9963
1546916401	14.9921
1546916566	14.9070
1546916870	14.8929
1546916952	14.8768
1546917034	14.8290
1546917325	14.7636
1546917384	14.6914
1546917645	14.6755
1546917762	14.6949
1546917799	14.7063
1546917956	14.5946
1546918171	14.6418
1546918205	14.6954
1546918313	14.5896
1546918467	14.5371
1546918540	14.5349
1546918627	14.5687
1546918869	14.4991
1546919206	14.4981
1546919420	14.3848
1546919575	14.3913
1546919660	14.3970
1546919827	14.3093
1546919954	14.2708
1546920001	14.3128
1546920044	14.2116
1546920230	14.2028
1546920250	14.2140
1546920303	14.1901
1546920391	14.2050
1546920427	14.2141
1546920472	14.2961
1546921313	14.1199
1546921724	14.0928
1546921946	14.1687
1546922225	14.0999
1546922270	14.1028
1546922389	14.0244
1546922425	14.0378
1546922664	14.0680
1546922914	14.0962
1546922950	14.1040
1546923235	13.9981
1546923251	13.9910
1546923316	14.0343
1546923489	14.0038
1546923542	14.0132
1546923617	14.0070
1546923678	14.0980
1546923753	14.0993
1546923855	14.1149
1546923887	14.1079
1546924019	14.0978
1546924281	14.0988
