N        Tiempo_Creacion  IOs_Insercion  Tamano_Arbol Tiempo_Busqueda    IOs_Busqueda Porcentaje_Encontrado
---      ---------------  -------------  ------------ ----------------   ------------ -----------
2^15     0.019000         163545         131          0.000180           100          0.29      
2^16     0.051000         327778         262          0.000240           100          0.28      
2^17     0.135000         753655         528          0.000160           200          0.28      
2^18     0.250000         1672755        1060         0.000240           300          0.28      
2^19     0.575000         3510970        2129         0.000360           489          0.28      
2^20     1.186000         7187409        4270         0.000300           835          0.29      
2^21     2.545000         14540371       8580         0.000420           1528         0.29      
2^22     5.399000         29246337       17214        0.000680           2918         0.29      
2^23     11.488000        58658362       34513        0.000980           5685         0.29      
2^24     24.383000        117482817      69246        0.002620           10989        0.29     