N        Tiempo_Creacion  IOs_Insercion  Tamano_Arbol Tiempo_Busqueda    IOs_Busqueda Porcentaje_Encontrado
---      ---------------  -------------  ------------ ----------------   ------------ -----------
2^15     0.031000         163674         131          0.000240           150          0.29      
2^16     0.048000         328042         263          0.000860           150          0.28      
2^17     0.166000         754287         532          0.000220           250          0.28      
2^18     0.228000         1673929        1067         0.000200           350          0.28      
2^19     0.541000         3513205        2135         0.000140           512          0.28      
2^20     1.189000         7191773        4275         0.000300           865          0.29      
2^21     2.591000         14548929       8560         0.000420           1545         0.29      
2^22     5.261000         29263573       17213        0.000620           2893         0.29      
2^23     11.267000        58693253       34617        0.001120           5529         0.29      
2^24     24.699000        117552837      69481        0.002160           10767        0.29    